49
42
69
33
15
100
30
23
32
45
8
49
38
41
70
100
61
57
60
27
51
57
48
62
35
57
59
42
27
67
31
74
55
59
54
57
29
39
59
71
42
81
73
43
44
32
61
60
83
56
31
44
53
55
60
61
72
51
70
59
54
27
44
59
24
12
54
49
57
46
63
58
44
35
69
36
60
45
73
64
68
80
66
91
68
67
76
65
66
35
60
37
51
60
32
72
40
40
48
68
77
48
77
71
73
35
95
74
78
69
71
79
51
41
30
74
37
39
25
69
39
68
87
70
19
54
56
16
98
64
35
28
92
52
67
79
57
81
68
32
57
84
45
70
88
44
85
67
23
48
95
65
35
39
63
42
42
95
83
74
30
39
44
69
37
64
38
59
60
68
75
64
68
50
70
57
73
27
30
21
60
71
72
65
82
37
66
56
66
64
66
37
50
41
34
53
10
77
52
28
57
13
75
74
49
56
72
41
26
25
54
45
67
64
46
57
88
44
26
67
